,price_change_15m,momentum_14m,price_change_10m,momentum_5m,trend_acceleration,momentum_7m
price_change_15m,1.0,0.9999343878252621,0.9999169453074656,0.7774158547393648,0.7807369629451859,0.6327531289869756
momentum_14m,0.9999343878252621,1.0,0.9998977224854216,0.7772860486222606,0.7806620086404508,0.6319932339547785
price_change_10m,0.9999169453074656,0.9998977224854216,1.0,0.7780264745331471,0.7816701791258414,0.6311214067986198
momentum_5m,0.7774158547393648,0.7772860486222606,0.7780264745331471,1.0,0.9174932057302723,0.5680959917261745
trend_acceleration,0.7807369629451859,0.7806620086404508,0.7816701791258414,0.9174932057302723,1.0,0.572296331851609
momentum_7m,0.6327531289869756,0.6319932339547785,0.6311214067986198,0.5680959917261745,0.572296331851609,1.0
